  5.2318347e-001  3.1825265e+000
 -2.0253222e+000  7.9418906e-001
 -1.1110342e-001  3.5743409e+000
 -2.2817463e-002  1.1210193e+000
 -8.2290252e-001  2.4425176e+000
 -7.7463955e-001  1.4238240e+000
 -1.4582893e+000  2.2842000e+000
  8.3065413e-001  1.2874556e+000
  1.3001542e-001  1.4130699e+000
 -2.8107934e-001  2.3510231e+000
 -1.5508794e+000  7.1986112e-001
  4.7435774e-001  2.6385799e+000
 -2.7145138e-001  3.8038390e+000
 -1.3014512e+000  2.5481700e+000
  1.5218013e+000  2.4732637e+000
  1.6163379e-001  2.6026901e+000
  3.5971489e-001  1.8073104e+000
  1.0195321e+000  2.7557147e+000
  1.5764536e+000  1.7037860e+000
 -9.2167190e-001  2.4664622e+000
  1.5650878e+000  1.1158409e+000
  2.4317640e-001  1.1101354e+000
 -1.5929283e+000  6.0760858e-001
 -1.4013359e+000  3.6645574e+000
 -9.8892399e-002  4.5491645e+000
  1.7387923e+000  3.9157284e+000
  2.9593617e+000  4.6345775e+000
  5.4785781e-001  4.6062497e+000
  1.5544911e+000  4.3746543e+000
  2.5624828e+000  5.5142204e+000
  2.1514011e+000  3.8555135e+000
  1.5705316e+000  5.1180900e+000
  2.8597405e+000  5.2238416e+000
  1.5391226e+000  4.9892748e+000
  2.7807799e+000  4.9435637e+000
  1.7607450e+000  4.1374440e+000
 -2.2240525e-001  6.3449478e+000
  1.2747848e+000  4.9609710e+000
  1.6191290e+000  4.0366157e+000
  1.8884145e+000  4.7178110e+000
  2.4013083e+000  4.9137442e+000
  9.5106874e-001  5.4946518e+000
  2.4084284e+000  4.1238802e+000
  1.8774955e+000  4.7883490e+000
  8.6693250e-001  5.6678148e+000
  3.1139948e+000  3.1958612e+000
  2.2622546e+000  4.5459230e+000
  2.4720040e+000  3.2242701e+000
  1.4359739e+000  4.0068917e+000
  1.9011239e+000  3.3302441e+000
