  5.0157078e-001  1.4921064e+000
  3.5932316e-001 -7.1279760e-001
 -7.4886421e-001  1.5553969e-001
 -1.1247183e-002  8.2734012e-001
 -1.5462530e+000 -5.5033291e-001
  1.7622211e-001 -1.1710966e+000
 -1.3843875e+000 -1.5670051e+000
 -7.3092788e-001 -5.8986029e-002
  9.4642248e-001 -1.0410314e-001
  7.1096622e-001 -1.1200164e+000
 -3.6487600e-001 -3.9555611e-001
  6.4722469e-001  4.5536590e-001
 -9.0974087e-001 -8.1383292e-001
 -6.8954215e-001 -9.3853430e-001
 -8.5824399e-003 -5.6186354e-001
 -9.8529803e-001 -1.2463203e+000
  8.8234935e-001 -4.1904510e-001
  4.0829599e-001  8.8763610e-001
  7.9617185e-001 -5.6075923e-001
  8.4644265e-001  1.2912976e+000
  2.7330468e-001  8.6024491e-001
 -8.0796418e-002 -6.7301105e-001
 -1.6791280e+000 -2.2052512e-001
 -4.0785566e-001  2.5675891e-001
 -1.3807748e+000 -1.1842301e+000
  8.1372389e-001  1.7685195e+000
  1.1958882e+000  1.8581284e+000
  1.6717667e+000  7.4284456e-002
  1.9502426e+000  4.7566401e+000
  2.9174001e+000 -1.7373129e+000
  2.3047885e+000  2.5432255e+000
  1.9231342e+000  1.4533699e+000
  2.3655141e-001  7.5450376e-001
  2.4256451e+000  4.5326207e-001
  1.0074286e+000  2.7704964e+000
  2.0816713e+000  1.3606683e+000
  1.5348596e+000  1.6744429e+000
  2.5979667e+000  1.5976406e+000
  1.4605039e+000  1.3497812e+000
  1.6566224e+000  1.7557595e+000
  2.7171239e+000  1.1203739e+000
  5.6638573e-001  1.4764515e+000
  8.4645045e-001  2.9379934e+000
  2.0344138e+000  8.9658106e-001
  1.0895298e+000  2.6215147e+000
  1.1462274e+000  7.4136106e-001
  2.5544442e+000  1.5735724e+000
 -2.5243560e-003  6.2081253e-001
  5.5699084e-001  5.0425985e-001
  2.5538449e+000  2.7345716e-001
